0
59
58
57
58
58
57
57
58
57
57
57
58
58
58
58
58
57
58
57
58
58
58
59
58
58
57
57
58
57
57
57
58
59
58
59
58
58
58
58
58
58
58
59
59
59
58
58
58
58
58
58
58
58
59
59
59
59
59
58
59
58
58
58
60
59
60
59
59
59
59
58
58
58
60
59
59
59
59
60
59
58
59
59
60
60
60
60
59
59
59
59
59
59
59
61
60
60
60
60
60
59
59
59
59
60
61
60
60
60
59
60
60
60
60
60
60
60
61
59
60
60
60
60
60
61
60
60
61
60
60
60
60
60
60
60
61
60
60
60
60
60
60
60
61
60
61
60
61
60
60
60
60
60
61
60
61
61
61
60
61
60
61
61
60
60
61
61
61
61
60
60
60
60
60
60
60
61
60
60
61
60
61
60
60
61
61
67
61
61
61
61
61
60
61
60
61
61
60
60
61
60
61
61
60
60
61
61
60
61
61
61
61
61
61
61
60
60
61
61
60
60
61
61
61
60
60
61
61
60
61
60
61
76
60
60
61
61
61
60
61
61
61
61
61
61
60
61
61
60
61
60
61
61
61
61
61
61
61
60
61
61
61
61
61
61
61
60
61
61
60
61
61
62
61
61
61
61
61
62
61
61
61
61
61
61
61
61
61
61
62
61
61
61
61
61
61
61
62
61
61
62
61
61
61
61
60
60
61
61
61
61
61
61
61
60
61
61
61
61
61
61
61
62
61
61
61
61
61
61
62
61
61
61
61
61
61
61
61
61
61
61
62
61
61
61
61
61
61
61
61
61
61
61
61
106
77
79
63
82
139
67
66
67
64
65
62
64
64
61
62
62
61
61
61
62
61
61
61
61
61
62
62
61
61
60
61
61
61
61
61
62
61
61
61
61
61
61
61
61
