215
153.44
163
164.33
152.36
179.76
185.06
183.7
180.65
175.66
199.18
202.65
198.36
179.94
201.85
206.67
204.36
195.25
206.85
216.85
207.47
197.48
217.49
218.72
218.64
203.24
216.12
214.16
219.98
201.45
220.25
227.21
223.4
209.13
227.51
218.98
226.36
205.67
227.22
228.57
227.8
204.93
232.88
239.86
231.71
220.86
237.12
236.53
238.81
222.83
232.68
237.95
236.33
228.09
241.25
243.02
223.41
239.11
238.77
235.95
223.95
247.23
253.02
253.73
233.63
238.38
346.01
225.71
253.99
257.27
247.3
237.27
248.63
253.61
247.41
234.24
247.01
257.18
244.54
258.38
257.02
263.99
251.75
260.97
255.92
237.03
258.81
263.13
242.1
268.11
253.22
277.01
281.21
279.48
262.79
247.52
270.5
262.24
269.41
239.95
263.41
255.14
240.61
258.36
243.41
265.8
253.16
264.11
243.77
256.68
276.8
249.66
263.17
270.2
255.16
273.65
277.65
250.83
278.56
268.65
257.09
277.74
262.04
236.83
266.02
284.28
248.64
263.03
274.57
244.98
275.11
267.46
242.7
282.54
277.2
258.97
276.14
266.77
246.78
290.44
278.31
256.03
269.44
277.84
248.64
264.17
276.09
264.36
273.65
272.35
258.2
282.8
252.03
458.7
815.19
348.55
317.38
291.97
266.24
284.55
290.72
267.34
302.02
295.74
260.14
290.03
288.4
258.97
274.01
256.54
286.57
279.54
265.34
288.16
301.25
257
282.69
256.91
288.28
295.96
260.68
299.74
293.03
269.54
289.13
289.34
262.03
651.4
271.7
301.17
290.9
274.77
293.64
270.86
295.94
308.55
267.19
291.85
297.49
258.08
288.63
271.42
277.66
280.39
264.13
292.92
275.04
299.94
288.74
266.46
297.13
269.89
422.86
279.58
275.94
291.3
273.11
287.17
286.4
264.35
288.98
269.62
308.47
308.96
265.53
286.56
284.01
293.13
304.13
272.59
276.7
266.52
283.24
263.11
305.39
286.74
270.34
291.11
275.87
290.14
268.4
301.08
294.29
261.68
291.21
270.72
298.13
262.43
286.07
296.48
288.88
300.4
266.44
289.09
286.74
301.99
296.29
263.99
292.38
273.52
298.23
279.44
298.87
301.19
265.88
796.14
284.1
307.18
911.98
313
272.67
299.89
293.89
299.26
279.66
311.5
292.09
273.29
290.98
275.99
313.1
265.07
298.68
268
289.33
261.37
293.11
263.59
546.43
453.74
344.11
427.5
494.11
432.62
596.73
391.92
838.77
432.55
365.13
345.2
358.82
348.59
310.71
283.69
293.65
271.26
311.15
272.66
293.32
275.48
303.84
266.15
295.95
275.69
302.93
296.75
263.8
299.64
286.15
299.52
277.4
307.94
275.78
366.1
278.65
309.3
295.64
300.96
271.38
313.57
281.81
309.94
274.17
292.83
284.55
290.29
261.36
290.43
269.6
294.85
282.78
315.09
276.55
316.39
302.57
257.5
279.21
298.42
954.39
309.29
272.86
341.4
320.36
352.8
289.55
316.12
277.14
296.65
288.64
302.77
311.57
275.41
285.28
295.69
305.51
278.66
307.02
272.51
303.66
285.78
309.54
279.38
311.82
283.53
309.2
276.86
300.99
273.13
312.03
273.77
308.39
266
300.5
334.31
311.01
281.17
288.12
272.84
281.61
307.23
286.17
319.36
293.28
268.94
277.81
296.05
289.97
289.02
275.19
303.87
