0
133
75
83
82
83
89
90
93
99
99
96
103
105
103
107
108
108
111
109
114
112
114
117
116
118
120
120
117
120
117
123
124
125
127
120
120
124
127
126
127
130
129
130
122
129
132
131
131
130
132
136
138
126
140
133
135
134
138
131
139
138
136
138
138
137
140
143
141
142
144
142
139
152
142
150
149
143
145
142
149
145
155
147
152
149
148
153
153
138
156
148
199
164
159
162
152
156
158
158
152
158
158
163
161
160
155
154
158
160
160
155
159
157
161
167
168
169
157
158
159
163
167
156
171
169
162
163
165
168
164
175
170
161
169
164
171
172
169
169
165
169
170
167
173
170
172
170
167
168
172
176
171
454
613
259
203
190
189
185
174
187
179
175
175
184
173
178
184
189
179
180
175
497
178
176
179
181
176
189
179
179
171
183
185
182
184
179
182
185
188
184
170
183
184
187
184
180
189
196
183
182
181
185
180
182
187
188
189
202
188
192
191
206
191
193
183
193
190
179
184
190
193
192
193
189
202
183
193
191
183
191
185
196
199
183
227
190
199
186
192
184
189
187
188
191
194
184
198
196
192
186
195
192
192
188
193
197
198
192
196
202
193
191
198
200
222
202
209
214
193
201
215
202
194
191
206
199
199
204
192
202
201
203
195
209
205
196
200
254
244
226
262
264
282
275
236
240
221
232
225
243
225
216
202
203
213
214
208
212
201
205
208
199
202
203
197
203
207
202
205
201
204
261
225
201
200
215
208
204
209
220
199
197
206
196
207
197
194
205
213
201
197
196
206
205
208
204
202
206
208
200
250
233
227
215
209
208
207
217
212
218
198
216
217
219
204
203
204
216
213
206
207
216
206
211
208
229
206
214
214
222
207
294
228
222
210
210
205
207
211
215
205
217
210
211
208
218
212
220
