69252
606.96
1711.28
1662.37
1200
2776.04
1709.98
1809.43
2562.27
2632.91
1957.59
1920.16
1278.42
1055.29
553.87
768.12
1064.12
1154.66
671.83
1903.36
1049.8
1158.53
1466.49
1787.12
2179.15
2215.26
964.07
865.58
1190.85
1218.22
3704.08
2029.26
1778.48
1686.91
1659.47
3545.4
977.38
518.14
521.48
761.66
595.2
526.18
1047.91
1295.36
1643.11
2366.67
1853.82
1835.01
2059.3
1259.5
1460.54
2395.28
1999.85
2284.07
1756.56
1633.06
776.87
1049.63
1135.21
1443.44
2030.87
2221.52
1875.69
2249.63
2308.84
2115.58
4346.61
1234.14
1638.51
1857.2
2277.42
2275.42
1198.39
415.54
486.19
1258.79
949.65
774.12
555.93
806.64
1179.28
1808.45
1071.23
878.54
1161.18
1628.07
4529.54
1382.34
1087.84
672.12
1077.78
969.16
1275.56
1994.98
1311.42
490.52
998.44
703.02
1253.1
1324.96
722.85
504.87
590.1
757.87
945.88
1872.56
2319.15
1808.12
1488.46
2591.53
2617.59
1828.7
2069.5
2344.62
3278.28
2431.29
662.86
529.68
1058.43
2066.96
1381.74
1977.65
1096.46
1686.99
1249.36
1674.93
2219.07
2870.72
3041.57
686.22
890.28
649.44
623.49
9061.28
1222.61
3588.59
1790.04
1809.03
1514.1
1937.75
1827.51
3126.5
1527.71
1648.72
1960.98
1306.62
2622.5
2489.91
812.27
255.39
617.05
921.09
1361.62
1881.91
2651.66
1323.17
792.35
1708.84
1906.72
699.18
766.64
1082.66
685.76
964.09
915.28
588.53
739.98
967.69
1286.65
1383.06
1476.95
1570.26
1949.29
1336.1
1697.72
3083.89
4168.32
591.35
879.8
1192.19
3068.03
887.78
2416.22
1532.79
1441.97
1430.76
2444.2
803.08
1067.51
8786.03
2187.9
3633.49
2232.2
20787.5
2669.26
4418.6
5719.42
4495.52
1351.56
2929.68
2132.46
1549.85
2397.24
852.55
3548.37
1247.26
4557.76
631.8
221.93
439.92
739.62
974.47
1195.64
862.34
563.64
467.91
1009.13
971.5
1363.57
1318.45
1252.23
4843.15
770.87
1026.32
1686.81
1470.44
1121.47
1940.53
1640.49
4008.76
2095.59
2898.56
2294.66
1845.57
1882.11
2180.75
2778.24
2613.92
1665.56
1788.5
1772.08
2729.91
1086.4
609.93
835.8
758.21
1560.33
1366.77
2038.7
5572.2
2160.04
1758.85
1317.15
1271.12
785.3
746.8
1354.01
695.17
737.29
1013.12
1121.13
1105.09
1339.93
1877.86
1415.89
1807.34
1110.77
1439.28
789.64
438.82
355.03
675.05
829.39
1597.63
1319.26
2599.24
688.54
1684.36
1277.69
1037.9
1597.89
3282.43
1029.47
1761.88
2336.68
490.12
1185.42
2749.16
1459.28
818.44
2072.66
1193.29
2545.46
2383.08
773.23
1577.9
2126.28
1695.35
2089.04
3234.14
2505.71
3257.43
1156.46
1675.25
2777.54
1409.95
2381.45
2342.46
1814.66
2160.94
1364.17
560.04
795.45
1035.41
1520.74
357.49
688.27
1366.4
1309.52
6274.94
1483.32
762.34
1176.77
4957.26
1414.42
2382.52
2200.78
1069.46
1198.96
1524.86
802.95
2844.8
1435.59
809.99
552.54
738.98
1083.45
1186.56
1732.99
1631.83
3253.14
1643.39
2205.77
800.58
804.6
1023.42
1328.41
1519.55
1654.2
647.68
1333.89
1870.64
2614.71
1582.82
1084.29
748.9
567.59
827.02
1137.36
3200.22
748.04
6756.45
861.64
1608.81
1912.23
3804.68
844.47
763.21
971.5
1719.75
2472.68
983.74
573.92
783.6
436.29
867.75
1294.53
4124.34
2367.64
5028.92
3232.08
1339.18
1686.68
8366.82
2363.95
2489.19
477.83
590.98
729.11
998.82
1530.46
1243.55
1515.29
821.61
26437.1
251.38
611.09
1006.58
1227.68
3139.39
