0
277
380
555
588
717
920
1125
1278
1520
1455
1527
1728
2025
2071
2221
2210
2405
2523
2895
2984
3068
3348
3024
3652
4086
3752
6206
5708
5444
5294
6052
5215
8899
4554
4889
19100
9250
6891
8630
6835
5563
6987
6482
7660
8913
6691
12747
17136
8604
7390
8190
8310
11846
7486
8327
8728
9780
11549
10888
14477
28112
9225
12764
9852
9797
12232
19477
27166
15245
12122
31346
10649
13668
9551
9457
13539
16145
23347
15203
27241
15476
12701
11810
11505
14247
13969
18712
39071
16752
14871
12375
10780
12549
13585
14807
34260
21472
16234
15782
14749
14210
13975
15003
16019
20582
20532
17570
16840
14535
16406
16090
18133
21465
25997
17761
14529
15644
15663
18209
41586
18206
26404
26472
15991
15909
20740
21474
37971
25929
17554
18993
16168
21595
30124
30716
21529
18903
17619
19948
24782
33761
22793
23602
19677
17995
25508
27835
29844
23496
20176
21302
23562
30599
33953
22923
22354
20533
43478
27149
31269
22806
22217
25994
45911
32580
25530
22206
21596
49198
37207
27079
20303
24148
24691
36596
36893
26554
26691
27285
35764
43570
27246
32288
31960
45732
29847
29422
30572
42309
29799
28331
30243
30044
36934
47639
39925
64348
36227
27116
79043
49364
32124
78563
29876
32981
28188
64092
39035
25390
43660
61276
37482
25323
31590
64620
40656
31213
65871
52730
32109
76443
54316
29741
75257
56709
29477
89052
49838
33180
90455
34734
39220
94339
32102
43435
68736
33513
63630
59969
37856
31311
70351
41411
42250
63930
55214
37950
88195
40078
35028
78570
47677
34682
134555
34839
78788
50555
31128
82346
42120
37368
53688
57009
34075
111438
32540
36550
93498
34878
40375
55505
65109
32283
65849
46419
37269
55326
53369
38937
41930
58467
44148
36840
80654
41514
33845
60041
49654
42462
46327
84179
37557
64235
57605
39669
69216
48280
44930
81826
42651
62711
66597
41370
45085
79249
36569
44891
73215
42655
48972
68742
41472
45732
63791
43223
47061
68679
44240
90435
55904
38435
79144
48958
40693
98693
49534
65070
62685
53825
83491
47374
91960
52142
37758
95959
47199
82647
62061
45274
91053
45701
99083
59691
79218
67455
78028
75247
104011
65466
122089
51998
111509
46230
109773
42731
77173
65294
78746
75651
46714
98606
45813
109003
50483
73348
67226
50799
90562
53868
74901
66250
47847
85181
48004
74907
57203
45820
97678
46587
101615
46112
61951
66321
47551
89427
49288
70909
63013
57452
90531
46508
59890
75659
52826
91888
50196
78432
50149
68716
